-112.0
4.0
-4.0
3481
0
17
15
0000 0000 0000 0000 0000 0000 1001 1101
0000 0000 0000 0000 0000 0000 1100 1101
1111 1111 1111 1111 1111 1111 0110 1001
1111 1111 1111 1111 1111 1111 1100 1001
1111 1111 1111 1111 1111 1111 1111 1101
0000 0000 0000 0000 0000 0000 0100 0001
0100 0001 0110 0000 0000 0000 0000 0000
0100 0001 0000 0000 0000 0000 0000 0000
1100 0000 0100 0000 0000 0000 0000 0000
0100 0011 0000 0000 0000 0000 0000 0000
1100 0000 1100 0000 0000 0000 0000 0000
1100 0001 0111 0000 0000 0000 0000 0000
A0B2C3E5
FAA157E8
0110 0110 1100 1100 1111 1111
0011 0011 0110 0110 1111 1111
1111 1111 1111 1111 1111 1111
0001 0010 0011 0100 0101 0110
1010 1011 1100 1101 1110 1111
3368601
16763938
3430008
10066329
0
2C
26E
61F
3E8
2A5
